\begin{tabular}{rrrrrrrrrrrrr}
\toprule
 log L1216 &     alpha &  logFWHM Hbeta  &  FeII/ Hbeta  &  logEW [OIII] &  logFWHM CIII] &  logEW Lalpha &  logEW CIV &  CIV/ Lalpha &  logEW CIII] &  SiIII/ CIII] &  NV/ Lalpha &  1400A/ Lalpha \\
\midrule
  1.062500 & -0.161561 &        0.115514 &     -0.037853 &     -0.154924 &       0.061964 &     -0.813203 &  -0.467203 &     0.064143 &    -0.722759 &     -0.100276 &    0.189110 &      -0.424809 \\
 -0.161561 &  1.062500 &       -0.733747 &      0.655685 &     -0.531453 &      -0.516444 &     -0.069985 &  -0.461577 &    -0.701009 &    -0.368490 &      0.663979 &    0.441039 &       0.723333 \\
  0.115514 & -0.733747 &        1.062500 &     -0.728798 &      0.528395 &       0.817486 &      0.322484 &   0.728326 &     0.826253 &     0.569230 &     -0.753120 &   -0.221219 &      -0.552351 \\
 -0.037853 &  0.655685 &       -0.728798 &      1.062500 &     -0.831962 &      -0.537690 &     -0.180438 &  -0.629637 &    -0.729428 &    -0.404454 &      0.995767 &    0.548453 &       0.631698 \\
 -0.154924 & -0.531453 &        0.528395 &     -0.831962 &      1.062500 &       0.151739 &      0.324938 &   0.689141 &     0.740580 &     0.422657 &     -0.689385 &   -0.625456 &      -0.522298 \\
  0.061964 & -0.516444 &        0.817486 &     -0.537690 &      0.151739 &       1.062500 &      0.135223 &   0.275724 &     0.306130 &     0.375475 &     -0.488382 &    0.209247 &      -0.252129 \\
 -0.813203 & -0.069985 &        0.322484 &     -0.180438 &      0.324938 &       0.135223 &      1.062500 &   0.814466 &     0.266724 &     0.945345 &     -0.169734 &   -0.199782 &       0.187406 \\
 -0.467203 & -0.461577 &        0.728326 &     -0.629637 &      0.689141 &       0.275724 &      0.814466 &   1.062500 &     0.842190 &     0.915402 &     -0.658396 &   -0.512828 &      -0.258255 \\
  0.064143 & -0.701009 &        0.826253 &     -0.729428 &      0.740580 &       0.306130 &      0.266724 &   0.842190 &     1.062500 &     0.545426 &     -0.777688 &   -0.488423 &      -0.567514 \\
 -0.722759 & -0.368490 &        0.569230 &     -0.404454 &      0.422657 &       0.375475 &      0.945345 &   0.915402 &     0.545426 &     1.062500 &     -0.419486 &   -0.219167 &       0.035946 \\
 -0.100276 &  0.663979 &       -0.753120 &      0.995767 &     -0.689385 &      -0.488382 &     -0.169734 &  -0.658396 &    -0.777688 &    -0.419486 &      1.062500 &    0.596235 &       0.633882 \\
  0.189110 &  0.441039 &       -0.221219 &      0.548453 &     -0.625456 &       0.209247 &     -0.199782 &  -0.512828 &    -0.488423 &    -0.219167 &      0.596235 &    1.062500 &       0.690604 \\
 -0.424809 &  0.723333 &       -0.552351 &      0.631698 &     -0.522298 &      -0.252129 &      0.187406 &  -0.258255 &    -0.567514 &     0.035946 &      0.633882 &    0.690604 &       1.062500 \\
\bottomrule
\end{tabular}
